nRows: 153
nCols: 153
shapes:
  shape0:
    shape: annulus
    radiusInnerLamD: 5.6
    radiusOuterLamD: 20.4
    xOffset: 0.0
    yOffset: 0.0
    radiusInner: 18.29072
    radiusOuter: 66.63047999999999
